UTILITY

name=home    
[1.1911935806274414, -0.9028013509562989, -2.4215898513793945, -1.1112092298320313, 0.9544901847839355, 1.0814704895019531]
---
name=square_home    
[0.00, -1.5708190403380335, -1.570784568786621, -1.5708118877806605, 1.5708141326904297, 0.00]
---
name=dropoff    
[1.2094173431396484, -2.2753526173033656, -1.2286901473999023, -1.2048519414714356, 1.565384864807129, 1.2064294815063477]
---
name=showplayer    
[0.10027694702148438, -2.0811735592284144, -2.239924430847168, 1.1795970636555175, 1.563791275024414, -0.07008439699281865]
---
name=showself    
[0.18706941604614258, -1.9813348255553187, -1.335383415222168, -2.413777013818258, 1.7700085639953613, -0.028737370167867482]
---

UP POSITIONS

name=A1_Up    
[0.03218364715576172, -1.7538916073241175, -1.916487693786621, -1.0953691762736817, 1.5540719032287598, 0.008121013641357422]
---
name=A2_Up    
[0.19785213470458984, -1.7273184261717738, -1.948369026184082, -1.0911119741252442, 1.5627965927124023, 0.17356061935424805]
---
name=A3_Up    
[0.37009572982788086, -1.733007093469137, -1.9416513442993164, -1.0917833608439942, 1.5719285011291504, 0.34557199478149414]
---
name=A4_Up    
[0.5198249816894531, -1.7697955570616664, -1.8969736099243164, -1.0980184835246583, 1.5796585083007812, 0.4950861930847168]
---
name=B1_Up    
[0.022273540496826172, -1.9533850155272425, -1.6484804153442383, -1.1637657445720215, 1.553520679473877, -0.001790348683492482]
---
name=B2_Up    
[0.16777467727661133, -1.9302436314024867, -1.681452751159668, -1.1550501149943848, 1.561166763305664, 0.14351320266723633]
---
name=B3_Up    
[0.3121485710144043, -1.934643884698385, -1.6751794815063477, -1.1569603246501465, 1.5687408447265625, 0.28759050369262695]
---
name=B4_Up    
[0.45697832107543945, -1.969703813592428, -1.6246042251586914, -1.1713345807841797, 1.5763626098632812, 0.43236684799194336]
---
name=C1_Up    
[0.018498897552490234, -2.1486956081786097, -1.3468313217163086, -1.2701452535441895, 1.5533647537231445, -0.005457226430074513]
---
name=C2_Up    
[0.1510915756225586, -2.1266447506346644, -1.382237434387207, -1.2578047078898926, 1.560256004333496, 0.12693452835083008]
---
name=C3_Up    
[0.2789473533630371, -2.131893297235006, -1.3736848831176758, -1.2612784665874024, 1.567098617553711, 0.25458669662475586]
---
name=C4_Up    
[0.39913415908813477, -2.16290344814443, -1.323359489440918, -1.2800076764873047, 1.5734143257141113, 0.37459707260131836]
---
name=D1_Up    
[0.0179595947265625, -2.3830930195250453, -0.943730354309082, -1.438812569980957, 1.5536766052246094, -0.005708996449605763]
---
name=D2_Up    
[0.13111543655395508, -2.359570165673727, -0.9856500625610352, -1.421358899479248, 1.5595250129699707, 0.10728788375854492]
---
name=D3_Up    
[0.24468755722045898, -2.3648082218565882, -0.976231575012207, -1.4258783620646973, 1.565600872039795, 0.22063922882080078]
---
name=D4_Up    
[0.3558497428894043, -2.400501867333883, -0.9119901657104492, -1.454043225651123, 1.5715088844299316, 0.3317070007324219]
---

DOWN POSITIONS


name=A1_Down
[0.016797542572021484, -1.8069788418211878, -2.021782875061035, -0.8835504812053223, 1.5696992874145508, 0.013106346130371094]
---
name=A2_Down    
[0.19702482223510742, -1.778699060479635, -2.0590620040893555, -0.8737152379802247, 1.5693397521972656, 0.19333696365356445]
---
name=A3_Down    
[0.37466907501220703, -1.7830788097777308, -2.0536890029907227, -0.8739908498576661, 1.5688843727111816, 0.3710322380065918]
---
name=A4_Down    
[0.5427107810974121, -1.8168121776976527, -2.009331703186035, -0.8839944165996094, 1.5683331489562988, 0.5390357971191406]
---
name=B1_Down    
[0.01444864273071289, -1.9866701565184535, -1.7637453079223633, -0.9618614476970215, 1.5695796012878418, 0.01081705093383789]
---
name=B2_Down    
[0.16676902770996094, -1.9627253017821253, -1.8005380630493164, -0.9484155935100098, 1.5693516731262207, 0.16317176818847656]
---
name=B3_Down    
[0.3185577392578125, -1.9640923939146937, -1.7986783981323242, -0.9482715886882325, 1.5689563751220703, 0.3148617744445801]
---
name=B4_Down    
[0.46358442306518555, -1.9948326549925746, -1.751917839050293, -0.9637296956828614, 1.5684890747070312, 0.45995473861694336]
---
name=C1_Down    
[0.012794971466064453, -2.1707221470274867, -1.4658775329589844, -1.0757511419108887, 1.569615364074707, 0.009343624114990234]
---
name=C2_Down    
[0.14438486099243164, -2.1496321163573207, -1.5016889572143555, -1.0604699415019532, 1.569375991821289, 0.14091157913208008]
---
name=C3_Down    
[0.2768669128417969, -2.1459933720030726, -1.5079584121704102, -1.0572288793376465, 1.5690760612487793, 0.273343563079834]
---
name=C4_Down    
[0.4046626091003418, -2.175322195092672, -1.4586000442504883, -1.0767820638469239, 1.568692684173584, 0.4012150764465332]
---
name=D1_Down    
[0.011597156524658203, -2.3747784099974574, -1.1056947708129883, -1.2318790715983887, 1.569819450378418, 0.008468151092529297]
---
name=D2_Down    
[0.12797069549560547, -2.347297330895895, -1.1558122634887695, -1.208658055668213, 1.5695438385009766, 0.12483692169189453]
---
name=D3_Down    
[0.24451971054077148, -2.348556180993551, -1.1537408828735352, -1.209017590885498, 1.5692920684814453, 0.2413954734802246]
---
name=D4_Down    
[0.35887861251831055, -2.3782459698119105, -1.099757194519043, -1.2327888768962403, 1.569016456604004, 0.35577917098999023]
---

